Predicted Parameters from GBR Model:
diameter: 0.112040
throat: 0.080757
length: 0.008490
