data:
  config:
    ambPressure: 101325.0
    burnoutThrustThres: 0.1
    burnoutWebThres: 0.000254
    mapDim: 750
    maxMassFlux: 1406.4697609001405
    maxPressure: 10342500.0
    minPortThroat: 2.0
    timestep: 0.03
  grains:
  - properties:
      coreDiameter: 0.02703850376760516
      diameter: 0.09420194871383929
      inhibitedEnds: Neither
      length: 0.4029290926074275
    type: BATES
  nozzle:
    convAngle: 45.0
    divAngle: 15.0
    efficiency: 0.9
    erosionCoeff: 0.0
    exit: 0.034
    slagCoeff: 0.0
    throat: 0.021869189
    throatLength: 0.0
  propellant:
    density: 1630.0
    name: SPL Propellant
    tabs:
    - a: 4.0e-05
      k: 1.23
      m: 22.05
      maxPressure: 10000000.0
      minPressure: 0.0
      n: 0.35
      t: 2480.0
type: !!python/object/apply:uilib.fileIO.fileTypes
- 3
version: !!python/tuple
- 0
- 5
- 0
